<?xml version="1.0"?>
<opencv_storage>
<Avg type_id="opencv-matrix">
  <rows>1</rows>
  <cols>7</cols>
  <dt>f</dt>
  <data>
    1.09535130e-002 4.06299523e-006 7.73887123e-008 5.07643847e-008
    -2.95441577e-015 1.49573687e-011 3.83804790e-016</data></Avg>
</opencv_storage>
