<?xml version="1.0"?>
<opencv_storage>
<Avg type_id="opencv-matrix">
  <rows>1</rows>
  <cols>7</cols>
  <dt>f</dt>
  <data>
    0.01012430 8.62949946e-006 4.81536517e-007 1.65184222e-008
    1.48534544e-015 2.67775160e-011 -7.10723442e-017</data></Avg>
</opencv_storage>
