<?xml version="1.0"?>
<opencv_storage>
<Avg type_id="opencv-matrix">
  <rows>1</rows>
  <cols>7</cols>
  <dt>f</dt>
  <data>
    0.01094611 2.93929315e-005 1.99400517e-007 2.87227380e-008
    2.25104871e-015 1.18759003e-010 -4.95006716e-017</data></Avg>
</opencv_storage>
