<?xml version="1.0"?>
<opencv_storage>
<Avg type_id="opencv-matrix">
  <rows>1</rows>
  <cols>7</cols>
  <dt>f</dt>
  <data>
    7.79369473e-003 1.46460543e-005 5.00131314e-008 4.24181117e-008
    1.39969071e-015 1.05381967e-010 1.72193818e-016</data></Avg>
</opencv_storage>
