<?xml version="1.0"?>
<opencv_storage>
<Avg type_id="opencv-matrix">
  <rows>1</rows>
  <cols>7</cols>
  <dt>f</dt>
  <data>
    8.17323755e-003 2.03080381e-005 1.50255033e-007 7.90788732e-008
    8.61463001e-015 2.82028234e-010 4.67499242e-016</data></Avg>
</opencv_storage>
