<?xml version="1.0"?>
<opencv_storage>
<Avg type_id="opencv-matrix">
  <rows>1</rows>
  <cols>7</cols>
  <dt>f</dt>
  <data>
    8.90291110e-003 2.90611242e-005 1.12482567e-007 1.01492290e-007
    1.10861519e-014 5.04545739e-010 1.71581664e-016</data></Avg>
</opencv_storage>
