<?xml version="1.0"?>
<opencv_storage>
<Avg type_id="opencv-matrix">
  <rows>1</rows>
  <cols>7</cols>
  <dt>f</dt>
  <data>
    0.01085409 9.40368682e-006 7.75050282e-008 7.17054860e-010
    5.62752353e-018 1.94296814e-012 -8.70428523e-020</data></Avg>
</opencv_storage>
