<?xml version="1.0"?>
<opencv_storage>
<Avg type_id="opencv-matrix">
  <rows>1</rows>
  <cols>7</cols>
  <dt>f</dt>
  <data>
    0.01211761 6.15362515e-005 7.47724087e-008 5.37058797e-009
    8.12360911e-017 2.23161784e-011 8.70838378e-018</data></Avg>
</opencv_storage>
